000051_000100/1066650970.mp4 304 1.376 1.967
000051_000100/1066661695.mp4 420 0.381 0.524
000401_000450/1043256988.mp4 450 1.734 2.233
000001_000050/1066689460.mp4 375 1.332 1.411
000301_000350/1009494509.mp4 575 0.511 0.502
000351_000400/2409980.mp4 726 0.245 0.287
000101_000150/1017186601.mp4 480 0.774 0.920
000151_000200/25381280.mp4 547 1.840 2.436
000251_000300/1036330622.mp4 449 2.223 1.605
000301_000350/21315283.mp4 238 1.167 0.842
000001_000050/1066714885.mp4 502 1.206 0.950
000051_000100/1066649851.mp4 383 0.896 0.639
000251_000300/1026591125.mp4 360 1.010 0.765
000251_000300/15228445.mp4 372 0.919 1.344
000001_000050/1066707520.mp4 540 1.326 1.186
000451_000500/1051967479.mp4 576 2.588 1.745
000051_000100/1066660975.mp4 421 1.729 1.378
000351_000400/18125206.mp4 388 1.022 1.231
000151_000200/1051540906.mp4 600 0.465 0.555
000401_000450/1047343594.mp4 450 0.652 0.549
000251_000300/368467.mp4 616 2.371 1.921
000201_000250/1041527032.mp4 444 1.980 2.587
000051_000100/1066663951.mp4 455 1.850 2.068
000451_000500/30802306.mp4 888 1.463 1.046
000151_000200/3537608.mp4 428 0.965 0.742
000051_000100/1066670149.mp4 355 0.973 0.915
000401_000450/30553543.mp4 347 0.321 0.264
000451_000500/21052546.mp4 335 1.931 2.283
000001_000050/1066691002.mp4 737 1.580 1.411
000401_000450/1023003001.mp4 530 1.397 1.012
000101_000150/1036170350.mp4 1653 0.253 0.320
000401_000450/3271574.mp4 795 1.089 0.983
000351_000400/31411729.mp4 925 0.979 0.804
000101_000150/1011553043.mp4 870 1.134 1.267
000201_000250/13408430.mp4 340 2.218 1.706
000101_000150/1008500482.mp4 648 2.516 1.684
000251_000300/16124725.mp4 564 0.350 0.515
000001_000050/1066685854.mp4 816 0.128 0.175
000301_000350/26876218.mp4 265 0.552 0.641
000251_000300/1035351707.mp4 361 0.207 0.218
000251_000300/1053259499.mp4 300 0.304 0.371
000101_000150/1056258656.mp4 428 1.163 1.133
000051_000100/1066666615.mp4 436 0.262 0.218
000001_000050/1066678099.mp4 365 1.244 1.622
000151_000200/1021121158.mp4 339 0.969 0.708
000301_000350/16517125.mp4 441 1.453 1.505
000351_000400/1022886355.mp4 225 1.917 2.434
000251_000300/5956955.mp4 379 1.620 1.320
000151_000200/1019302981.mp4 1487 0.539 0.694
000101_000150/1031997578.mp4 504 0.413 0.530
000451_000500/1024634660.mp4 340 1.661 2.304
000451_000500/1037621426.mp4 600 1.465 1.011
000051_000100/1066661296.mp4 260 1.511 1.572
000301_000350/1013275325.mp4 600 0.549 0.777
000001_000050/1066700368.mp4 671 1.064 1.076
000251_000300/1032863486.mp4 945 0.906 0.768
000001_000050/1066694098.mp4 506 1.981 1.321
000051_000100/1066655389.mp4 442 1.432 1.612
000351_000400/794344.mp4 301 0.732 0.822
000001_000050/1066685059.mp4 561 1.918 1.653
000201_000250/1041199663.mp4 238 2.504 1.710
000101_000150/1058373331.mp4 708 1.166 0.786
000001_000050/1066683256.mp4 479 0.165 0.111
000401_000450/1035642575.mp4 600 1.898 2.241
000051_000100/1066662943.mp4 400 1.883 2.372
000001_000050/1066708003.mp4 468 0.395 0.473
000201_000250/1010898986.mp4 616 0.427 0.453
000301_000350/1058192266.mp4 611 1.194 1.296
000151_000200/1030903469.mp4 489 0.815 0.964
000201_000250/1059398966.mp4 1152 0.326 0.434
000401_000450/11353394.mp4 373 2.035 1.760
000051_000100/1066671715.mp4 362 0.911 0.692
000151_000200/1056948218.mp4 412 1.286 0.967
000301_000350/1787213.mp4 448 0.917 1.306
000251_000300/1040483738.mp4 481 2.577 1.798
000351_000400/23260240.mp4 787 1.554 2.295
000001_000050/1066685980.mp4 1023 0.269 0.235
000251_000300/33748363.mp4 841 0.817 0.968
000151_000200/18445588.mp4 900 0.941 1.013
000001_000050/1066675894.mp4 773 1.963 2.058
000251_000300/4922045.mp4 403 0.731 1.051
000101_000150/1008961052.mp4 375 1.316 0.978
000451_000500/1023758410.mp4 591 1.372 1.726
000451_000500/30708148.mp4 399 1.513 1.733
000451_000500/1054104983.mp4 455 1.211 0.985
000251_000300/1057807126.mp4 325 0.863 0.961
000051_000100/1066665700.mp4 255 0.469 0.449
000401_000450/25992434.mp4 527 1.469 1.731
000051_000100/1066649731.mp4 685 0.148 0.119
000301_000350/16729543.mp4 601 1.267 1.683
000101_000150/4833473.mp4 481 1.087 0.868
000101_000150/12594728.mp4 712 1.471 1.854
000251_000300/15704767.mp4 350 0.543 0.489
000051_000100/1066648411.mp4 390 0.603 0.447
000351_000400/1043003632.mp4 956 2.676 1.993
000201_000250/1021989115.mp4 293 2.071 1.940
000001_000050/1066676782.mp4 246 1.466 1.484
000101_000150/1031674001.mp4 485 1.083 1.086
000101_000150/1039004420.mp4 511 1.260 1.528
000251_000300/444841.mp4 300 1.128 0.836
000451_000500/14944603.mp4 1075 1.644 1.885
000201_000250/9295973.mp4 691 0.072 0.101
000401_000450/1059607178.mp4 483 0.179 0.240
000001_000050/1066693837.mp4 682 0.467 0.499
000001_000050/1066689706.mp4 217 2.374 1.689
000101_000150/1054965770.mp4 559 1.633 2.374
000101_000150/1033752341.mp4 472 0.422 0.535
000401_000450/13633841.mp4 245 1.576 2.278
000051_000100/1066665565.mp4 399 1.492 1.259
000151_000200/1035403952.mp4 645 0.111 0.140
000251_000300/1014939178.mp4 276 1.647 1.975
000301_000350/1029922364.mp4 600 0.408 0.302
000001_000050/1066678267.mp4 564 0.223 0.322
000151_000200/8762794.mp4 330 1.541 2.044
000251_000300/1009423358.mp4 1054 0.442 0.390
000151_000200/1015703995.mp4 306 0.849 1.169
000151_000200/22093135.mp4 257 0.753 0.629
000351_000400/10480976.mp4 574 1.184 1.388
000051_000100/1066663609.mp4 530 2.063 1.720
000251_000300/19371796.mp4 540 0.337 0.297
000351_000400/1292740.mp4 615 2.548 1.791
000051_000100/1066651981.mp4 532 1.074 0.809
000251_000300/1014519998.mp4 600 0.324 0.427
000401_000450/1023011713.mp4 501 0.890 1.147
000251_000300/28723255.mp4 1237 0.539 0.547
000001_000050/1066701040.mp4 1410 1.080 0.912
000301_000350/11001599.mp4 360 0.259 0.337
000151_000200/22732348.mp4 665 1.985 2.443
000251_000300/9724943.mp4 1270 1.210 1.347
000401_000450/1047265336.mp4 363 0.443 0.622
000051_000100/1066661005.mp4 401 0.710 0.816
000001_000050/1066697356.mp4 480 2.513 1.727
000101_000150/30052012.mp4 341 1.326 1.500
000451_000500/1007990230.mp4 259 2.180 1.653
000351_000400/1017426634.mp4 250 1.337 1.433
000351_000400/7149199.mp4 408 2.689 1.844
000151_000200/1018358224.mp4 300 1.073 0.874
000201_000250/15874204.mp4 1049 0.446 0.341
000251_000300/1024291337.mp4 550 2.554 1.764
000301_000350/32172385.mp4 244 0.891 0.771
000401_000450/17831491.mp4 376 0.840 0.674
000201_000250/8589613.mp4 254 0.472 0.679
000251_000300/24288965.mp4 304 0.135 0.197
000251_000300/1043449111.mp4 604 1.127 1.646
000101_000150/1015521790.mp4 384 0.086 0.112
000001_000050/1066684165.mp4 301 1.125 1.519
000101_000150/24149617.mp4 400 0.931 1.362
000401_000450/15302188.mp4 515 1.574 1.388
000401_000450/1022204494.mp4 599 1.743 2.043
000051_000100/1066659925.mp4 550 1.149 1.175
000051_000100/1066673635.mp4 528 1.019 1.446
000051_000100/1066654024.mp4 400 0.823 0.648
000351_000400/1044806761.mp4 548 1.241 1.827
000401_000450/8352658.mp4 391 0.251 0.208
000051_000100/1066656397.mp4 443 0.690 0.934
000101_000150/3513908.mp4 641 1.683 1.275
000001_000050/1066679869.mp4 246 1.371 2.041
000301_000350/25983200.mp4 409 1.842 2.692
000251_000300/31167232.mp4 828 0.718 0.840
000001_000050/1066676878.mp4 401 0.784 1.062
000201_000250/3977482.mp4 454 1.651 2.024
000401_000450/1008075022.mp4 393 0.084 0.074
000051_000100/1066660831.mp4 300 0.980 1.401
000301_000350/1012403060.mp4 273 1.534 1.651
000201_000250/1017817072.mp4 461 1.477 1.953
000151_000200/1057835755.mp4 976 0.532 0.440
000251_000300/1024254026.mp4 563 1.608 1.704
000001_000050/1066693069.mp4 463 0.472 0.425
000001_000050/1066692721.mp4 248 0.801 0.701
000451_000500/10520558.mp4 275 1.039 1.281
000201_000250/1027985924.mp4 1081 0.750 0.639
000351_000400/19931053.mp4 1495 0.889 0.692
000001_000050/1066694182.mp4 313 1.889 1.450
000451_000500/26189387.mp4 211 1.494 1.079
000201_000250/23294368.mp4 603 1.362 1.982
000351_000400/1013434703.mp4 500 1.123 1.153
000451_000500/34954225.mp4 299 1.379 1.884
000101_000150/33369007.mp4 372 2.514 1.734
000001_000050/1066684018.mp4 939 0.363 0.363
000451_000500/1018130425.mp4 243 2.379 1.596
000301_000350/19838812.mp4 819 1.460 1.721
000101_000150/6717163.mp4 241 0.446 0.629
000401_000450/1007449969.mp4 224 0.696 0.979
000101_000150/23093116.mp4 1525 1.795 1.661
000451_000500/1022644537.mp4 514 1.064 0.732
000301_000350/26663368.mp4 432 0.716 0.858
000001_000050/1066678480.mp4 1336 0.319 0.264
000301_000350/1033574270.mp4 336 1.705 2.089
000351_000400/1011075116.mp4 511 0.826 0.672
000301_000350/2040761.mp4 300 2.200 1.702
000101_000150/26970280.mp4 645 0.283 0.277
000251_000300/24630374.mp4 611 1.710 1.984
000251_000300/1006769143.mp4 311 0.240 0.228
000001_000050/1066679650.mp4 1816 1.557 1.576
000001_000050/1066706425.mp4 361 0.782 1.025
000001_000050/1066690531.mp4 855 1.975 1.740
000451_000500/22947298.mp4 238 1.572 1.795
000201_000250/4863476.mp4 497 1.378 1.586
000351_000400/16712761.mp4 600 1.891 1.635
000301_000350/15688948.mp4 1185 1.976 1.426
000351_000400/1016806813.mp4 265 1.378 1.666
000401_000450/29984371.mp4 541 0.204 0.186
000001_000050/1066712548.mp4 335 0.961 0.763
000051_000100/1066660294.mp4 566 1.710 1.462
000401_000450/1016839090.mp4 468 1.238 1.015
000201_000250/3804149.mp4 310 1.858 2.124
000101_000150/1042758232.mp4 735 0.738 0.615
000151_000200/24658472.mp4 543 1.155 1.477
000101_000150/1013327549.mp4 211 0.250 0.302
000451_000500/33474181.mp4 501 0.924 0.774
000351_000400/25957157.mp4 329 1.201 1.039
000451_000500/9717734.mp4 251 1.888 2.404
000301_000350/16710307.mp4 360 0.181 0.238
000401_000450/22088920.mp4 686 0.851 1.114
000001_000050/1066679476.mp4 410 1.691 2.202
000051_000100/1066654423.mp4 300 2.144 1.454
000301_000350/1065456175.mp4 363 0.946 0.632
000351_000400/1009315079.mp4 347 1.706 2.295
000401_000450/4970336.mp4 451 1.201 1.188
000251_000300/22056640.mp4 685 0.902 0.664
000351_000400/34174477.mp4 689 1.928 1.779
000201_000250/1007273395.mp4 662 0.700 0.874
000001_000050/1066682836.mp4 271 0.776 0.622
000401_000450/4725545.mp4 465 0.482 0.394
000301_000350/1009578194.mp4 327 1.826 1.788
000401_000450/1019731267.mp4 652 0.828 0.664
000251_000300/29403889.mp4 835 1.699 1.383
000351_000400/31924618.mp4 272 0.735 1.091
000051_000100/1066667809.mp4 250 1.367 1.823
000351_000400/1010406824.mp4 452 1.762 2.090
000051_000100/1066665127.mp4 1380 0.057 0.062
000101_000150/27990394.mp4 1178 1.894 1.616
000101_000150/1022150077.mp4 390 1.364 1.778
000251_000300/12724580.mp4 523 1.174 1.241
000051_000100/1066650520.mp4 306 1.851 2.451
000201_000250/1064528956.mp4 538 0.981 0.676
000351_000400/17402341.mp4 308 0.287 0.227
000201_000250/1032792077.mp4 402 1.010 1.027
000401_000450/1020833941.mp4 1159 0.881 1.106
000251_000300/28277497.mp4 224 1.485 2.034
000151_000200/4333709.mp4 869 1.832 1.984
000351_000400/1034959772.mp4 978 0.247 0.335
000001_000050/1066722622.mp4 840 1.242 1.544
000401_000450/4547822.mp4 367 0.169 0.183
000001_000050/1066687681.mp4 370 0.096 0.135
000301_000350/18582104.mp4 423 0.854 0.590
000301_000350/1018061356.mp4 382 0.208 0.221
000051_000100/1066659139.mp4 479 0.716 0.858
000001_000050/1066678015.mp4 474 1.468 1.714
000101_000150/1015436365.mp4 340 1.762 2.397
000451_000500/19006882.mp4 338 1.652 2.316
000251_000300/1056134459.mp4 217 1.894 1.436
000001_000050/1066721047.mp4 1115 1.289 0.939
000151_000200/27225574.mp4 641 1.613 1.231
000001_000050/1066699099.mp4 331 0.475 0.529
000051_000100/1066662127.mp4 768 0.239 0.355
000151_000200/1053462614.mp4 704 1.513 1.592
000301_000350/22066372.mp4 240 1.430 1.680
000001_000050/1066692352.mp4 626 1.184 1.295
000101_000150/1035418535.mp4 511 1.869 1.253
000201_000250/7299439.mp4 264 0.560 0.700
000151_000200/5837714.mp4 386 0.652 0.813
000351_000400/1025095730.mp4 995 0.545 0.702
000301_000350/1016693626.mp4 258 0.311 0.356
000401_000450/33051685.mp4 264 1.506 1.299
000001_000050/1066685857.mp4 623 0.116 0.092
000401_000450/5034878.mp4 510 0.589 0.452
000151_000200/1012252844.mp4 311 1.458 1.114
000251_000300/22192525.mp4 918 0.955 0.736
000351_000400/1035629579.mp4 540 0.214 0.309
000101_000150/1009267457.mp4 612 2.178 1.774
000301_000350/1915618.mp4 477 2.317 1.704
000101_000150/14573428.mp4 501 1.434 1.176
000051_000100/1066665985.mp4 600 1.469 1.619
000451_000500/19587808.mp4 288 1.661 1.626
000351_000400/10828289.mp4 224 0.481 0.463
000451_000500/1058383333.mp4 324 1.272 1.610
000101_000150/25444133.mp4 400 0.576 0.670
000051_000100/1066672093.mp4 1679 1.093 1.191
000451_000500/1057116503.mp4 240 0.355 0.389
000151_000200/1033948001.mp4 438 0.842 0.644
000051_000100/1066673431.mp4 360 1.102 1.228
000351_000400/23796538.mp4 300 1.725 1.976
000301_000350/29629552.mp4 429 0.170 0.128
000051_000100/1066673302.mp4 376 2.201 1.773
000351_000400/1039662809.mp4 312 1.326 1.684
000001_000050/1066675222.mp4 270 1.779 1.594
000051_000100/1066660408.mp4 857 0.383 0.476
000151_000200/1040849024.mp4 487 0.206 0.237
000001_000050/1066676881.mp4 463 0.955 0.640
000401_000450/1032774740.mp4 386 1.820 2.597
000351_000400/24467348.mp4 261 1.124 1.067
000301_000350/1012392374.mp4 353 1.406 1.131
000251_000300/31202974.mp4 300 0.789 0.630
000201_000250/16688431.mp4 528 0.761 0.552
000351_000400/15189631.mp4 683 1.696 1.368
000401_000450/1014930541.mp4 621 0.237 0.204
000051_000100/1066649794.mp4 1440 1.442 1.609
000451_000500/1012865765.mp4 750 0.747 1.026
000001_000050/1066693459.mp4 500 1.823 2.442
000001_000050/1066723957.mp4 534 2.449 1.696
000351_000400/5569250.mp4 1260 0.830 0.956
000351_000400/1057479772.mp4 459 1.488 1.735
000101_000150/1027926443.mp4 1778 0.723 0.571
000451_000500/1014516215.mp4 629 2.064 1.425
000351_000400/1036827500.mp4 1305 2.413 1.729
000151_000200/1060406581.mp4 520 1.029 1.125
000151_000200/10782767.mp4 367 0.482 0.470
000151_000200/23362738.mp4 327 2.183 1.477
000051_000100/1066647784.mp4 480 2.347 1.974
000001_000050/1066678795.mp4 654 1.606 1.698
000351_000400/16334305.mp4 584 2.538 1.908
000151_000200/33317017.mp4 468 1.359 1.724
000251_000300/16896589.mp4 1437 2.095 1.548
000301_000350/1031088335.mp4 273 0.383 0.495
000251_000300/2075822.mp4 510 0.615 0.649
000001_000050/1066706854.mp4 408 1.035 0.764
000251_000300/16142935.mp4 215 1.094 1.174
000301_000350/1014865246.mp4 219 0.660 0.647
000001_000050/1066688491.mp4 378 2.802 1.903
000151_000200/2806858.mp4 890 1.692 1.948
000301_000350/18585029.mp4 450 1.965 1.944
000051_000100/1066654873.mp4 296 0.898 0.750
000351_000400/1047441931.mp4 458 0.576 0.824
000201_000250/32073559.mp4 1212 1.380 1.581
000001_000050/1066697971.mp4 699 1.837 1.435
000001_000050/1066688005.mp4 294 0.939 0.779
000201_000250/1048687813.mp4 240 0.721 0.665
000251_000300/1023167470.mp4 1440 1.643 2.088
000151_000200/12833432.mp4 2160 1.903 1.605
000151_000200/15836395.mp4 354 0.850 1.201
000351_000400/1040853353.mp4 572 1.588 1.313
000401_000450/1013846198.mp4 480 0.612 0.446
000001_000050/1066683484.mp4 359 1.117 1.368
000451_000500/1010158820.mp4 796 0.492 0.621
000051_000100/1066655575.mp4 620 1.341 1.280
000201_000250/1073506.mp4 880 1.795 2.225
000001_000050/1066697839.mp4 383 1.449 1.815
000051_000100/1066650397.mp4 389 0.648 0.867
000051_000100/1066649521.mp4 279 2.425 1.799
000001_000050/1066690612.mp4 1217 1.234 1.105
000401_000450/1031288507.mp4 749 1.854 1.258
000451_000500/1006567651.mp4 367 1.063 1.372
000001_000050/1066692541.mp4 584 1.546 1.123
000151_000200/1025803022.mp4 497 0.857 1.118
000301_000350/32610244.mp4 510 1.612 2.323
000051_000100/1066668943.mp4 380 2.436 1.934
000351_000400/1231741.mp4 462 0.393 0.492
000001_000050/1066694851.mp4 870 0.709 0.861
000001_000050/1066679797.mp4 222 1.869 1.704
000451_000500/21882094.mp4 704 1.619 2.037
000451_000500/1015462399.mp4 741 0.172 0.232
000001_000050/1066694605.mp4 400 0.633 0.852
000051_000100/1066653247.mp4 430 0.841 0.762
000001_000050/1066685023.mp4 512 1.358 2.001
000451_000500/1024520012.mp4 750 1.413 1.889
000151_000200/2622962.mp4 357 0.484 0.472
000101_000150/12198929.mp4 730 1.243 1.267
000451_000500/1007580505.mp4 327 0.808 0.570
000051_000100/1066671859.mp4 611 0.072 0.062
000101_000150/1037186894.mp4 820 0.281 0.234
000251_000300/1014737339.mp4 249 0.673 0.558
000051_000100/1066674460.mp4 420 0.908 1.105
000451_000500/1019707018.mp4 221 0.542 0.434
000051_000100/1066660393.mp4 754 0.381 0.453
000401_000450/1056140216.mp4 1267 0.267 0.345
000051_000100/1066671412.mp4 370 0.298 0.304
000151_000200/1011978578.mp4 605 1.544 1.675
000251_000300/33045949.mp4 560 1.455 1.548
000151_000200/1019482348.mp4 459 1.104 1.628
000251_000300/1049248375.mp4 1065 1.024 1.101
000451_000500/30226030.mp4 1548 1.894 1.547
000451_000500/2830474.mp4 305 0.286 0.350
000001_000050/1066706710.mp4 395 1.266 0.957
000001_000050/1066688434.mp4 399 0.408 0.493
000151_000200/31345138.mp4 219 0.078 0.074
000001_000050/1066680856.mp4 600 0.514 0.594
000051_000100/1066650532.mp4 286 0.534 0.364
000201_000250/12971624.mp4 433 0.943 1.033
000401_000450/1055892974.mp4 766 1.381 1.356
000201_000250/1018053796.mp4 357 0.676 0.557
000151_000200/1026409346.mp4 546 1.494 1.960
000401_000450/6035888.mp4 334 0.089 0.132
000101_000150/1020356338.mp4 480 1.299 1.780
000351_000400/27274939.mp4 352 1.873 1.452
000001_000050/1066681852.mp4 1103 1.234 0.898
000101_000150/7062154.mp4 405 0.450 0.344
000001_000050/1066694632.mp4 500 1.301 1.148
000051_000100/1066653148.mp4 425 1.038 1.231
000151_000200/1050582352.mp4 259 1.018 0.909
000151_000200/18703769.mp4 613 2.257 1.970
000051_000100/1066655851.mp4 405 0.842 0.567
000001_000050/1066679698.mp4 650 1.168 1.511
000351_000400/22192129.mp4 700 0.064 0.084
000201_000250/1044205348.mp4 444 1.091 1.621
000251_000300/1028762048.mp4 579 0.272 0.390
000251_000300/1015968394.mp4 2325 1.766 2.034
000451_000500/1038132419.mp4 1155 1.001 1.104
000301_000350/1921606.mp4 259 0.561 0.386
000351_000400/33904927.mp4 240 1.985 1.476
000301_000350/1036410401.mp4 690 1.657 1.658
000151_000200/31426789.mp4 426 0.300 0.285
000351_000400/25017335.mp4 737 0.248 0.224
000201_000250/207058.mp4 619 0.643 0.871
000201_000250/1066544545.mp4 622 1.361 1.778
000001_000050/1066688602.mp4 392 0.963 1.320
000251_000300/22069480.mp4 780 1.852 1.773
000251_000300/17677252.mp4 421 0.053 0.070
000201_000250/1042129498.mp4 344 0.350 0.283
000351_000400/29541901.mp4 255 1.231 1.709
000101_000150/11925395.mp4 326 0.831 0.703
000401_000450/1051960315.mp4 283 1.388 2.072
000001_000050/1066675636.mp4 441 0.435 0.340
000151_000200/1031240273.mp4 624 1.950 2.831
000301_000350/22067437.mp4 709 0.962 1.024
000101_000150/1008176275.mp4 574 2.065 1.391
000351_000400/27522400.mp4 525 1.358 1.735
000301_000350/23156584.mp4 634 1.793 2.062
000151_000200/1014639227.mp4 358 0.090 0.060
000001_000050/1066674928.mp4 374 1.270 1.732
000301_000350/1061529583.mp4 300 1.744 1.708
000451_000500/1030724336.mp4 836 2.130 1.487
000451_000500/16636606.mp4 424 2.670 1.844
000051_000100/1066662424.mp4 343 1.274 0.918
000101_000150/1066646962.mp4 700 2.703 1.917
000001_000050/1066681768.mp4 412 1.598 2.236
000301_000350/5689043.mp4 750 1.439 1.273
000201_000250/9972719.mp4 957 0.988 1.077
000051_000100/1066668817.mp4 390 0.284 0.210
000451_000500/21795934.mp4 368 2.559 1.884
000101_000150/1039830923.mp4 1800 1.067 0.947
000101_000150/1036244453.mp4 471 0.966 0.748
000051_000100/1066653028.mp4 667 2.098 1.925
000301_000350/1012753610.mp4 288 0.117 0.137
000351_000400/13149671.mp4 743 1.481 2.118
000301_000350/12885824.mp4 1895 0.882 0.701
000001_000050/1066705297.mp4 306 0.408 0.501
000451_000500/26749447.mp4 2583 0.314 0.418
000351_000400/1029935591.mp4 1899 1.422 1.329
000301_000350/32503183.mp4 364 0.349 0.501
000351_000400/1049741026.mp4 449 1.537 1.445
000251_000300/16137157.mp4 1807 1.909 1.276
000351_000400/1014216074.mp4 213 1.919 2.606
000401_000450/28649932.mp4 693 1.511 1.460
000201_000250/1029691064.mp4 446 0.494 0.384
000401_000450/20534377.mp4 244 0.839 1.127
000351_000400/1010914448.mp4 264 1.733 1.245
000101_000150/1011316577.mp4 600 1.501 1.644
000251_000300/1017228868.mp4 332 1.057 0.942
000301_000350/1036609364.mp4 565 0.812 0.854
000401_000450/14523871.mp4 324 1.322 1.855
000001_000050/1066693258.mp4 313 0.766 0.833
000451_000500/1008968585.mp4 260 1.441 1.722
000451_000500/1052715575.mp4 515 0.230 0.308
000451_000500/1030059317.mp4 899 1.182 1.633
000001_000050/1066683454.mp4 450 1.578 2.170
000001_000050/1066682770.mp4 408 1.388 1.005
000251_000300/1007533198.mp4 810 0.206 0.250
000351_000400/35000515.mp4 437 1.084 1.389
000001_000050/1066696009.mp4 525 0.529 0.521
000051_000100/1066651540.mp4 480 0.751 0.674
000001_000050/1066694236.mp4 400 1.737 1.558
000401_000450/1053252512.mp4 2435 0.856 0.889
000101_000150/1043683255.mp4 234 0.405 0.303
000251_000300/2356094.mp4 584 1.292 0.877
000301_000350/1010719343.mp4 467 1.240 1.174
000051_000100/1066662829.mp4 400 1.649 1.836
000301_000350/34319956.mp4 1035 0.774 0.771
000051_000100/1066658239.mp4 689 1.201 1.455
000401_000450/1025025659.mp4 447 0.963 0.766
000351_000400/1038899096.mp4 360 0.404 0.502
000001_000050/1066686301.mp4 1144 1.176 1.265
000051_000100/1066656235.mp4 855 0.291 0.285
000101_000150/1058280307.mp4 1131 1.564 2.332
000051_000100/1066662949.mp4 400 0.932 0.709
000301_000350/1031935004.mp4 500 1.477 1.342
000001_000050/1066684252.mp4 1201 1.520 2.143
000101_000150/1045899340.mp4 663 0.833 0.656
000051_000100/1066665967.mp4 600 1.483 1.160
000001_000050/1066692058.mp4 396 1.127 0.773
000301_000350/20767336.mp4 226 1.932 2.729
000051_000100/1066651000.mp4 805 0.072 0.061
000351_000400/1041491308.mp4 309 1.121 0.837
000051_000100/1066672666.mp4 289 1.590 1.063
000001_000050/1066686883.mp4 360 0.268 0.353
000301_000350/1041214696.mp4 2890 1.131 0.913
000101_000150/1024461695.mp4 716 1.619 1.338
000301_000350/14127560.mp4 250 1.827 2.344
000351_000400/19279771.mp4 1260 1.665 2.121
000201_000250/1008458821.mp4 322 0.679 0.709
000001_000050/1066679011.mp4 243 0.565 0.746
000101_000150/21935743.mp4 285 1.338 1.721
000001_000050/1066675435.mp4 321 1.886 1.905
000451_000500/29271214.mp4 478 1.976 2.636
000001_000050/1066679389.mp4 277 0.998 0.944
000451_000500/1064156986.mp4 336 0.273 0.320
000301_000350/1017055882.mp4 852 0.214 0.293
000351_000400/1009006169.mp4 228 1.749 1.439
000001_000050/1066689559.mp4 302 1.687 1.722
000001_000050/1066675213.mp4 564 0.510 0.354
000101_000150/32934577.mp4 281 2.070 1.564
000251_000300/1020397180.mp4 376 1.853 2.013
000001_000050/1066695499.mp4 629 0.379 0.559
000351_000400/33212689.mp4 557 1.507 1.031
000101_000150/1031009618.mp4 450 1.400 1.328
000151_000200/1050909937.mp4 954 0.183 0.154
000051_000100/1066672474.mp4 364 0.363 0.466
000401_000450/13083893.mp4 310 2.276 1.726
000101_000150/23672647.mp4 234 1.195 0.874
000001_000050/1066692073.mp4 827 0.704 0.820
000001_000050/1066675924.mp4 788 1.720 2.543
000451_000500/20219356.mp4 513 1.643 2.320
000101_000150/1012446665.mp4 305 0.934 0.785
000101_000150/1040525348.mp4 505 0.810 0.824
000301_000350/1055454188.mp4 350 1.399 1.040
000001_000050/1066678840.mp4 440 1.618 1.787
000051_000100/1066667494.mp4 369 1.116 0.849
000301_000350/1022231023.mp4 1762 1.297 1.529
000001_000050/1066681447.mp4 606 1.029 1.125
000401_000450/1046333554.mp4 240 0.622 0.850
000051_000100/1066650964.mp4 435 1.553 1.666
000201_000250/1055560529.mp4 329 0.612 0.482
000101_000150/1066647313.mp4 279 0.710 0.965
000101_000150/13222415.mp4 3562 0.833 0.762
000051_000100/1066656862.mp4 503 0.906 0.895
000201_000250/25654118.mp4 524 1.671 1.316
000401_000450/1055998832.mp4 301 0.223 0.188
000201_000250/1052450545.mp4 371 1.967 2.856
000301_000350/1017595255.mp4 545 1.438 1.447
000301_000350/31522822.mp4 1532 0.646 0.882
000351_000400/1030039427.mp4 313 0.759 1.110
000051_000100/1066651456.mp4 515 1.857 2.773
000151_000200/1007257444.mp4 514 0.278 0.337
000051_000100/1066670632.mp4 856 0.092 0.066
000251_000300/1052293579.mp4 654 0.699 0.498
000201_000250/473173.mp4 846 0.401 0.288
000451_000500/8793694.mp4 685 0.313 0.424
000201_000250/7413241.mp4 300 0.228 0.259
000301_000350/1011426176.mp4 600 1.685 1.395
000451_000500/1046015326.mp4 655 1.297 1.553
000351_000400/10459523.mp4 426 1.314 1.757
000201_000250/1062496423.mp4 300 2.594 1.815
000051_000100/1066652797.mp4 758 0.677 0.504
000101_000150/20899306.mp4 400 0.920 0.810
000251_000300/1055496128.mp4 456 1.195 1.284
000001_000050/1066677466.mp4 436 0.725 0.719
000101_000150/1034265602.mp4 370 1.674 1.728
000401_000450/27768640.mp4 301 0.572 0.473
000301_000350/4827992.mp4 1798 1.333 1.802
000101_000150/1007211061.mp4 212 1.122 1.095
000301_000350/1062773977.mp4 1632 1.132 1.566
000201_000250/28896946.mp4 750 1.263 1.381
000351_000400/9078344.mp4 545 2.405 1.640
000301_000350/1054468775.mp4 1013 1.620 1.345
000101_000150/1013545166.mp4 293 1.919 1.548
000051_000100/1066648777.mp4 600 1.208 1.318
000201_000250/1028190434.mp4 314 2.181 1.710
000001_000050/1066688416.mp4 623 1.470 1.116
000301_000350/1035636821.mp4 1129 0.809 0.650
000301_000350/1015355932.mp4 299 0.769 1.148
000151_000200/1056241016.mp4 712 1.471 1.233
000001_000050/1066695928.mp4 784 0.235 0.200
000151_000200/22676041.mp4 450 0.607 0.727
000301_000350/6003095.mp4 1200 1.276 1.203
000301_000350/1025135294.mp4 582 0.095 0.121
000351_000400/3845825.mp4 836 2.585 1.935
000001_000050/1066681939.mp4 440 1.702 2.087
000301_000350/1024069292.mp4 695 0.527 0.480
000251_000300/6669992.mp4 421 0.398 0.355
000401_000450/1027452803.mp4 839 1.786 2.259
000301_000350/1033018913.mp4 295 1.191 0.863
000451_000500/25040180.mp4 541 1.596 1.418
000101_000150/11063402.mp4 464 0.763 0.587
000401_000450/1008646156.mp4 1610 1.583 1.123
000401_000450/1016968072.mp4 343 1.547 2.180
000351_000400/1017666730.mp4 339 2.315 1.636
000451_000500/1052033185.mp4 474 0.232 0.157
000301_000350/8555488.mp4 301 1.140 1.331
000301_000350/1021758367.mp4 470 1.247 1.791
000451_000500/27427918.mp4 380 2.560 1.807
000001_000050/1066681711.mp4 420 0.191 0.148
000051_000100/1066658422.mp4 600 0.195 0.215
000101_000150/1025990057.mp4 273 0.495 0.683
000051_000100/1066660993.mp4 282 1.316 1.597
000051_000100/1066671178.mp4 365 2.151 1.465
000101_000150/5902649.mp4 569 0.856 0.940
000401_000450/1012220000.mp4 900 1.012 0.978
000401_000450/1008847835.mp4 714 1.645 1.941
000001_000050/1066696975.mp4 301 0.504 0.392
000001_000050/1066687471.mp4 1433 1.050 1.574
000351_000400/1028775890.mp4 225 1.299 1.252
000451_000500/28794361.mp4 696 1.460 2.045
000301_000350/6149981.mp4 1175 1.203 0.895
000251_000300/1012447874.mp4 670 1.481 1.924
000151_000200/1985680.mp4 734 1.187 1.493
000151_000200/1027283606.mp4 289 0.955 0.732
000001_000050/1066695925.mp4 435 1.412 0.972
000301_000350/14000864.mp4 360 1.681 2.310
000101_000150/1063467211.mp4 750 0.544 0.399
000001_000050/1066677172.mp4 1146 0.730 0.933
000451_000500/1047026857.mp4 315 2.426 1.756
000351_000400/1056434924.mp4 301 1.799 1.229
000451_000500/1038477662.mp4 473 1.782 2.338
000201_000250/1047608029.mp4 735 1.253 1.362
000151_000200/1016798032.mp4 407 0.216 0.313
000101_000150/27220150.mp4 300 0.248 0.295
000151_000200/1046698063.mp4 453 1.082 1.561
000001_000050/1066676674.mp4 1202 0.594 0.586
000401_000450/1044438886.mp4 493 1.915 1.572
000151_000200/17175553.mp4 453 0.109 0.132
000051_000100/1066662031.mp4 1055 0.310 0.239
000251_000300/1028311208.mp4 367 0.395 0.404
000051_000100/1066648198.mp4 416 1.067 1.243
000101_000150/1031011247.mp4 766 0.939 0.731
000001_000050/1066689760.mp4 386 1.410 1.020
000251_000300/1065084745.mp4 539 0.822 0.638
000151_000200/26488463.mp4 277 0.413 0.487
000301_000350/1036071431.mp4 593 0.484 0.660
000201_000250/1010605925.mp4 480 2.097 1.908
000001_000050/1066706182.mp4 358 0.848 0.984
000201_000250/4476590.mp4 320 0.891 0.988
000301_000350/1052139538.mp4 613 0.736 0.605
000151_000200/1025004632.mp4 367 0.264 0.308
000351_000400/1054337051.mp4 330 0.804 0.551
000051_000100/1066654138.mp4 346 1.200 1.784
000251_000300/22746166.mp4 422 1.556 1.176
000101_000150/1020350419.mp4 755 1.220 1.650
000351_000400/1021789513.mp4 755 1.591 1.505
000151_000200/20283382.mp4 808 1.096 1.479
000351_000400/1013741759.mp4 512 1.547 1.707
000001_000050/1066675804.mp4 306 1.318 1.645
000301_000350/16269154.mp4 780 0.935 0.969
000051_000100/1066667416.mp4 369 1.527 1.370
000051_000100/1066666762.mp4 250 1.465 1.324
000001_000050/1066685953.mp4 1055 1.170 0.782
000001_000050/1066678651.mp4 464 0.345 0.240
000251_000300/1020702109.mp4 634 1.130 1.064
000251_000300/1021886377.mp4 616 1.238 0.890
000151_000200/30146506.mp4 1200 0.609 0.504
000301_000350/8193922.mp4 600 1.682 1.544
000451_000500/1020816304.mp4 601 2.105 1.411
000001_000050/1066684408.mp4 576 2.248 1.752
000351_000400/1012016966.mp4 542 1.153 1.106
000101_000150/31949035.mp4 659 0.406 0.336
000301_000350/25178111.mp4 330 1.724 2.405
000401_000450/1023726523.mp4 780 2.060 1.804
000151_000200/1031472524.mp4 647 0.092 0.101
000301_000350/27739297.mp4 379 1.291 1.844
000251_000300/24270692.mp4 716 1.543 1.246
000201_000250/1047342988.mp4 450 1.786 1.926
000101_000150/1022279650.mp4 1731 1.822 2.078
000201_000250/1009399472.mp4 733 1.575 1.188
000051_000100/1066662175.mp4 410 2.270 1.608
000051_000100/1066663036.mp4 421 0.935 1.039
000301_000350/1064293273.mp4 459 1.799 2.637
000301_000350/28321867.mp4 722 0.390 0.568
000351_000400/22757176.mp4 504 2.366 1.900
000351_000400/1009669640.mp4 618 0.495 0.555
000201_000250/1058282572.mp4 432 1.297 1.639
000001_000050/1066697317.mp4 375 1.016 0.884
000001_000050/1066689736.mp4 521 0.880 1.103
000001_000050/1066675486.mp4 432 0.405 0.526
000001_000050/1066684297.mp4 211 0.395 0.368
000401_000450/1055166170.mp4 257 0.233 0.189
000101_000150/1013407211.mp4 390 0.082 0.070
000051_000100/1066661266.mp4 361 0.244 0.287
000351_000400/11008802.mp4 375 0.997 0.789
000401_000450/1024300697.mp4 221 0.771 0.688
000151_000200/18293791.mp4 439 0.884 0.917
000001_000050/1066683316.mp4 541 0.359 0.501
000101_000150/8767123.mp4 460 0.137 0.184
000251_000300/1019087515.mp4 587 1.010 0.960
000451_000500/616942.mp4 347 1.395 1.142
000351_000400/1014343238.mp4 750 0.619 0.430
000351_000400/1017766681.mp4 300 1.738 1.678
000251_000300/1011611855.mp4 515 1.325 1.419
000451_000500/1024662227.mp4 932 0.559 0.518
000451_000500/1017676483.mp4 1149 1.457 2.137
000051_000100/1066658689.mp4 846 0.151 0.142
000301_000350/1027259030.mp4 354 1.365 0.981
000351_000400/1017400204.mp4 259 1.357 1.914
000001_000050/1066698982.mp4 375 0.413 0.370
000151_000200/23059912.mp4 777 0.351 0.371
000401_000450/1020286207.mp4 307 0.410 0.518
000051_000100/1066659739.mp4 1493 0.096 0.135
000051_000100/1066663123.mp4 302 0.527 0.443
000101_000150/1042486033.mp4 374 1.950 1.954
000051_000100/1066671160.mp4 361 1.158 1.608
000051_000100/1066650502.mp4 431 1.852 1.639
000151_000200/1022908861.mp4 237 0.320 0.265
000001_000050/1066697728.mp4 271 1.894 2.013
000001_000050/1066695202.mp4 308 0.636 0.735
000051_000100/1066658884.mp4 305 1.288 1.261
000351_000400/1046719264.mp4 700 0.363 0.358
000401_000450/1051121482.mp4 247 1.341 1.420
000101_000150/1401097.mp4 240 1.273 1.307
000351_000400/1014494702.mp4 552 2.659 1.940
000151_000200/16379059.mp4 353 0.322 0.221
000051_000100/1066658629.mp4 269 1.886 1.917
000351_000400/1007990032.mp4 350 1.272 1.071
000151_000200/1013080919.mp4 779 1.622 1.493
000101_000150/8032726.mp4 360 1.816 1.847
000301_000350/1045765843.mp4 428 1.808 2.150
000251_000300/1036453472.mp4 930 1.734 1.567
000101_000150/6462998.mp4 391 1.720 1.475
000351_000400/23196109.mp4 630 2.179 1.820
000401_000450/1036252877.mp4 392 2.249 1.659
000001_000050/1066680883.mp4 600 1.318 1.330
000401_000450/2611679.mp4 423 0.267 0.210
000251_000300/1036237424.mp4 1330 1.930 1.394
000301_000350/1007073988.mp4 223 0.716 0.544
000001_000050/1066676785.mp4 250 0.210 0.303
000401_000450/1012416578.mp4 600 0.572 0.391
000201_000250/1062200725.mp4 646 1.332 1.763
000001_000050/1066699009.mp4 412 1.389 1.411
000101_000150/1026212084.mp4 228 0.302 0.214
000101_000150/23621152.mp4 401 1.991 2.123
000201_000250/7560568.mp4 330 0.470 0.637
000051_000100/1066664122.mp4 471 1.586 1.694
000001_000050/1066695484.mp4 600 1.333 1.803
000151_000200/23021803.mp4 529 0.298 0.358
000051_000100/1066657489.mp4 2732 1.502 1.717
000051_000100/1066647931.mp4 241 1.566 1.960
000251_000300/27233323.mp4 324 1.713 2.514
000151_000200/16446718.mp4 314 0.753 1.007
000101_000150/1031172773.mp4 261 1.105 1.202
000401_000450/6970705.mp4 456 0.583 0.399
000201_000250/1013184926.mp4 455 2.066 1.836
000101_000150/1021438945.mp4 641 1.610 2.189
000151_000200/16441975.mp4 274 0.158 0.221
000301_000350/1007336329.mp4 485 1.480 1.469
000101_000150/1036031048.mp4 725 2.724 1.916
000101_000150/1033659749.mp4 483 1.788 2.096
000101_000150/29791177.mp4 442 1.635 1.111
000351_000400/33421996.mp4 435 0.952 0.996
000451_000500/1048885711.mp4 524 0.246 0.348
000451_000500/1008225592.mp4 373 0.224 0.302
000151_000200/1040237699.mp4 525 0.922 1.200
000301_000350/7969804.mp4 375 0.902 0.719
000151_000200/22994827.mp4 322 1.303 1.174
000001_000050/1066694140.mp4 218 1.043 0.965
000051_000100/1066666075.mp4 220 1.666 2.422
000151_000200/1044747736.mp4 245 0.384 0.445
000351_000400/28762267.mp4 1014 1.492 1.188
000401_000450/1017505822.mp4 1432 1.525 1.696
000251_000300/1020149182.mp4 231 1.211 1.677
000201_000250/1016432917.mp4 485 0.934 0.808
000001_000050/1066706878.mp4 366 0.223 0.166
000351_000400/1021073680.mp4 713 1.184 1.355
000201_000250/1017914971.mp4 453 1.946 2.795
000051_000100/1066661173.mp4 256 0.291 0.376
000051_000100/1066658887.mp4 543 2.710 1.971
000401_000450/1019967028.mp4 479 1.118 0.933
000151_000200/1031644019.mp4 857 1.878 2.058
000051_000100/1066658608.mp4 329 1.490 1.170
000051_000100/1066658605.mp4 561 0.679 0.662
000201_000250/1025754140.mp4 360 1.288 1.312
000451_000500/34401661.mp4 211 1.359 1.653
000151_000200/10249664.mp4 391 1.563 1.759
000001_000050/1066697485.mp4 305 2.013 1.413
000351_000400/1031826896.mp4 482 1.108 1.587
000451_000500/22335967.mp4 682 1.222 1.496
000401_000450/1032993452.mp4 659 1.917 2.576
000351_000400/2420543.mp4 600 0.408 0.407
000451_000500/1009567016.mp4 837 0.532 0.725
000201_000250/1061024449.mp4 333 2.236 1.659
000251_000300/1034643602.mp4 246 0.064 0.081
000201_000250/1011753050.mp4 287 1.623 1.852
000101_000150/1063696579.mp4 315 0.861 0.655
000251_000300/1017094507.mp4 381 0.153 0.105
000301_000350/28701868.mp4 506 0.353 0.411
000401_000450/1054509527.mp4 329 0.873 0.766
000151_000200/1039411109.mp4 523 0.905 0.684
000401_000450/8506630.mp4 300 0.315 0.421
000101_000150/1052253886.mp4 385 1.639 2.393
000351_000400/1053467363.mp4 1351 1.602 1.199
000001_000050/1066694056.mp4 305 1.982 2.277
000051_000100/1066652944.mp4 328 2.146 1.586
000151_000200/10270913.mp4 309 1.642 1.408
000401_000450/1031564564.mp4 481 0.813 0.862
000101_000150/1045138393.mp4 720 0.217 0.163
000151_000200/1054965857.mp4 600 0.817 1.067
000001_000050/1066688656.mp4 542 1.808 1.640
000401_000450/1007845540.mp4 600 0.518 0.454
000001_000050/1066684138.mp4 301 0.211 0.254
000001_000050/1066690648.mp4 317 0.493 0.705
000351_000400/7848388.mp4 300 0.466 0.361
000401_000450/1020540073.mp4 300 2.160 1.455
000001_000050/1066693864.mp4 554 1.514 1.864
000051_000100/1066656220.mp4 791 0.195 0.202
000051_000100/1066654552.mp4 500 1.642 1.942
000051_000100/1066648597.mp4 1501 0.561 0.403
000101_000150/34383022.mp4 1456 1.597 1.415
000451_000500/1020514177.mp4 601 1.636 1.644
000051_000100/1066662862.mp4 400 0.337 0.226
000001_000050/1066687612.mp4 482 1.295 1.392
000101_000150/1008688597.mp4 263 0.245 0.246
000051_000100/1066660615.mp4 417 1.483 1.711
000101_000150/6866254.mp4 436 1.426 1.916
000301_000350/1064801911.mp4 603 1.424 1.887
000451_000500/1026720371.mp4 477 0.401 0.584
000051_000100/1066669345.mp4 258 0.614 0.767
000001_000050/1066690549.mp4 212 1.549 1.260
000151_000200/1035762251.mp4 235 1.771 1.640
000051_000100/1066653109.mp4 507 0.580 0.534
000351_000400/1012562624.mp4 346 1.302 1.308
000351_000400/27420340.mp4 600 1.050 0.702
000401_000450/1034573861.mp4 600 2.049 1.440
000401_000450/1035222734.mp4 354 0.931 1.124
000101_000150/1020876097.mp4 402 0.653 0.746
000451_000500/26311787.mp4 331 0.146 0.186
000151_000200/15232294.mp4 585 0.882 1.125
000001_000050/1066697152.mp4 220 2.348 1.973
000301_000350/1015278025.mp4 260 1.657 2.267
000401_000450/33646453.mp4 233 1.825 1.332
000001_000050/1066689745.mp4 514 1.521 1.423
000151_000200/4237472.mp4 851 1.638 2.073
000401_000450/16174858.mp4 651 1.758 2.330
000101_000150/1014869962.mp4 237 1.331 1.800
000001_000050/1066715407.mp4 405 0.137 0.201
000451_000500/1012183880.mp4 723 1.136 1.181
000451_000500/9892616.mp4 416 0.436 0.514
000051_000100/1066665220.mp4 301 0.681 0.598
000051_000100/1066650061.mp4 500 1.695 2.273
000301_000350/1016812786.mp4 791 0.237 0.246
000251_000300/1041087475.mp4 428 1.178 0.881
000051_000100/1066656688.mp4 646 0.744 0.604
000051_000100/1066658836.mp4 719 0.804 0.810
000301_000350/10354313.mp4 449 1.123 1.115
000301_000350/1026522881.mp4 390 1.604 1.133
000251_000300/1038970493.mp4 265 0.906 0.870
000301_000350/34202011.mp4 282 1.150 1.187
000201_000250/1044807406.mp4 660 0.144 0.167
000151_000200/15240862.mp4 526 0.765 0.703
000051_000100/1066664191.mp4 1905 0.357 0.419
000001_000050/1066700254.mp4 411 1.607 1.403
000101_000150/1019347042.mp4 342 0.986 1.337
000051_000100/1066653427.mp4 605 0.761 0.527
000051_000100/1066662991.mp4 330 1.444 1.194
000051_000100/1066649476.mp4 478 1.736 1.390
000001_000050/1066677625.mp4 338 0.699 0.763
000051_000100/1066673416.mp4 354 2.791 1.936
000101_000150/669961.mp4 300 0.519 0.737
000201_000250/1048743643.mp4 303 2.540 1.716
000301_000350/33951988.mp4 1174 1.731 1.591
000051_000100/1066664452.mp4 533 0.196 0.280
000401_000450/15428212.mp4 678 0.631 0.826
000101_000150/1021076857.mp4 494 0.429 0.612
000301_000350/1048997983.mp4 278 1.385 1.835
000451_000500/1013341061.mp4 825 0.227 0.166
000301_000350/30330580.mp4 340 0.555 0.705
000401_000450/1055925545.mp4 1003 1.266 1.809
000051_000100/1066669063.mp4 328 0.545 0.635
000351_000400/14747167.mp4 321 1.280 1.354
000101_000150/23010583.mp4 450 0.440 0.501
000451_000500/14785771.mp4 251 0.848 1.234
000051_000100/1066665646.mp4 494 1.206 1.254
000201_000250/1065084163.mp4 478 0.255 0.299
000051_000100/1066662292.mp4 501 1.896 1.680
000201_000250/248173.mp4 473 1.019 1.465
000101_000150/1040105585.mp4 646 1.555 1.265
000101_000150/1014594188.mp4 706 0.877 1.094
000001_000050/1066705060.mp4 634 2.098 1.499
000451_000500/1059948185.mp4 359 1.510 2.166
000051_000100/1066659391.mp4 855 0.493 0.381
000051_000100/1066669021.mp4 450 1.211 1.744
000001_000050/1066694761.mp4 317 2.178 1.888
000101_000150/7958134.mp4 390 1.997 2.033
000001_000050/1066676143.mp4 384 1.655 1.168
000401_000450/1059239909.mp4 371 0.338 0.479
000051_000100/1066656001.mp4 331 1.733 2.093
000101_000150/1017713692.mp4 312 0.437 0.330
000201_000250/1057117136.mp4 1021 0.084 0.062
000351_000400/1018315387.mp4 720 2.505 1.797
000101_000150/23901106.mp4 381 0.514 0.411
000301_000350/1006616191.mp4 492 0.835 0.582
000001_000050/1066684114.mp4 240 0.186 0.265
000351_000400/34256470.mp4 321 0.386 0.492
000401_000450/494059.mp4 301 1.179 0.920
000001_000050/1066699432.mp4 413 1.464 1.994
000301_000350/7835926.mp4 413 1.994 1.601
000101_000150/21673504.mp4 332 1.089 1.083
000101_000150/28173997.mp4 810 1.652 2.145
000301_000350/9547937.mp4 294 1.345 1.837
000001_000050/1066695511.mp4 503 0.658 0.636
000001_000050/1066685608.mp4 895 1.317 1.833
000301_000350/1053059534.mp4 751 1.758 1.662
000051_000100/1066658821.mp4 303 0.226 0.178
000301_000350/1035997274.mp4 853 0.936 0.853
000101_000150/1798790.mp4 387 0.520 0.711
000251_000300/1042045450.mp4 336 0.513 0.408
000401_000450/1016281759.mp4 380 1.815 1.420
000401_000450/6824602.mp4 299 0.914 0.695
000051_000100/1066660282.mp4 738 0.533 0.576
000251_000300/1020014875.mp4 360 1.521 2.068
000401_000450/5239799.mp4 360 2.257 1.672
000451_000500/1042037443.mp4 302 0.959 1.213
000051_000100/1066671361.mp4 360 2.026 1.549
000101_000150/1053729350.mp4 758 0.402 0.503
000101_000150/8398297.mp4 377 2.175 1.664
000051_000100/1066671796.mp4 579 0.722 1.004
000051_000100/1066672840.mp4 425 1.294 1.332
000301_000350/1024995728.mp4 600 0.335 0.334
000351_000400/11450213.mp4 402 0.772 0.796
000051_000100/1066662052.mp4 629 1.189 1.394
000251_000300/1013666234.mp4 719 1.585 1.905
000101_000150/31228096.mp4 500 2.179 1.695
000151_000200/1044331750.mp4 670 1.665 2.325
000401_000450/12936479.mp4 452 2.529 1.817
000201_000250/1019895385.mp4 453 2.053 1.937
000001_000050/1066679074.mp4 570 1.713 2.503
000401_000450/1014704165.mp4 478 0.967 0.780
000351_000400/1027088822.mp4 600 2.534 1.691
000051_000100/1066666780.mp4 294 1.408 1.170
000201_000250/12346931.mp4 288 1.313 1.684
000301_000350/1028689925.mp4 248 0.633 0.491
000201_000250/23485600.mp4 360 0.457 0.650
000201_000250/1023431995.mp4 273 1.722 1.220
000351_000400/1022257669.mp4 266 0.118 0.106
000401_000450/1015849594.mp4 474 0.471 0.617
000051_000100/1066668418.mp4 267 2.164 1.681
000001_000050/1066686967.mp4 720 0.953 0.918
000151_000200/1046452912.mp4 718 0.104 0.092
000001_000050/1066680826.mp4 600 0.322 0.424
000001_000050/1066687018.mp4 1111 0.966 1.147
000201_000250/15983605.mp4 1801 0.507 0.342
000301_000350/1033892696.mp4 1798 2.341 1.649
000151_000200/7050814.mp4 628 0.787 0.908
000151_000200/1023791407.mp4 1085 1.385 1.149
000201_000250/12276743.mp4 624 1.070 1.574
000201_000250/29215825.mp4 310 0.693 0.669
000201_000250/1022242063.mp4 288 0.125 0.186
000451_000500/1046787955.mp4 359 0.351 0.304
000301_000350/1007370643.mp4 328 1.953 1.961
000051_000100/1066666855.mp4 323 0.781 0.999
000201_000250/1032693977.mp4 679 1.929 2.826
000051_000100/1066669564.mp4 301 0.242 0.344
000001_000050/1066676668.mp4 316 1.848 2.675
000001_000050/1066708930.mp4 600 1.663 1.495
000201_000250/15524014.mp4 753 0.506 0.394
000401_000450/1025673383.mp4 748 1.509 1.139
000151_000200/1034583932.mp4 216 1.309 0.992
000001_000050/1066686340.mp4 214 2.319 1.948
000151_000200/1049782657.mp4 452 1.023 1.527
000301_000350/1054511921.mp4 1419 0.345 0.286
000101_000150/1054929692.mp4 350 1.012 1.106
000251_000300/1013031557.mp4 454 2.036 1.990
000251_000300/6520385.mp4 750 1.862 2.111
000301_000350/1023412105.mp4 1026 0.815 1.041
000251_000300/1061397148.mp4 724 1.560 1.085
000301_000350/26653924.mp4 288 0.432 0.490
000151_000200/23240677.mp4 390 1.332 1.247
000051_000100/1066667911.mp4 305 1.655 1.265
000151_000200/29354356.mp4 616 1.072 1.050
000301_000350/1028054210.mp4 361 0.794 0.708
000301_000350/28214842.mp4 500 0.236 0.348
000401_000450/1028604152.mp4 299 2.096 1.478
000151_000200/11339765.mp4 858 1.836 1.530
000401_000450/16890553.mp4 442 1.654 2.293
000301_000350/1039855880.mp4 264 1.395 1.028
000301_000350/33031399.mp4 431 0.387 0.441
000301_000350/1017656467.mp4 396 0.063 0.053
000051_000100/1066655815.mp4 696 0.064 0.062
000051_000100/1066658923.mp4 428 2.354 1.684
000001_000050/1066684504.mp4 1681 1.226 1.211
000301_000350/10044785.mp4 799 1.778 1.548
000001_000050/1066696990.mp4 330 0.294 0.442
000151_000200/6348266.mp4 665 0.499 0.455
000401_000450/1023282331.mp4 255 1.318 1.316
000001_000050/1066701385.mp4 691 0.992 1.261
000001_000050/1066708441.mp4 348 1.848 1.756
000001_000050/1066688227.mp4 570 2.066 1.908
000001_000050/1066688704.mp4 460 1.826 1.629
000151_000200/1032180248.mp4 815 1.024 1.088
000001_000050/1066697278.mp4 1314 1.748 2.524
000451_000500/1024544552.mp4 302 1.351 1.323
000051_000100/1066666345.mp4 292 1.223 0.915
000151_000200/1016822917.mp4 357 0.281 0.325
000301_000350/1056697.mp4 450 1.663 2.029
000001_000050/1066695367.mp4 600 1.005 0.717
000051_000100/1066661629.mp4 400 0.730 1.091
000001_000050/1066679668.mp4 2041 0.211 0.186
000301_000350/10796621.mp4 570 1.393 1.647
000251_000300/23407231.mp4 266 1.442 2.140
000451_000500/17394007.mp4 415 0.051 0.056
000251_000300/1026995564.mp4 703 2.389 1.937
000351_000400/1008012760.mp4 329 1.796 2.107
000301_000350/33327286.mp4 701 1.184 1.259
000051_000100/1066661626.mp4 300 1.276 0.885
000201_000250/1020019897.mp4 450 0.230 0.211
000151_000200/7164352.mp4 444 0.484 0.542
000301_000350/1045192303.mp4 480 0.195 0.172
000001_000050/1066675384.mp4 899 0.321 0.424
000101_000150/1015615135.mp4 632 1.328 1.088
000001_000050/1066699444.mp4 1036 1.259 1.444
000051_000100/1066661494.mp4 535 0.570 0.834
000101_000150/23688604.mp4 314 1.250 1.068
000201_000250/23664088.mp4 491 0.911 0.983
000351_000400/9913313.mp4 339 0.758 0.586
000101_000150/8728627.mp4 495 1.085 1.406
