000451_000500/34954225.mp4 299 1.379 1.884
000001_000050/1066687471.mp4 1433 1.050 1.574
000351_000400/5569250.mp4 1260 0.830 0.956
000401_000450/3271574.mp4 795 1.089 0.983
000051_000100/1066662943.mp4 400 1.883 2.372
000001_000050/1066695484.mp4 600 1.333 1.803
000351_000400/1017766681.mp4 300 1.738 1.678
000351_000400/2409980.mp4 726 0.245 0.287
000001_000050/1066693069.mp4 463 0.472 0.425
000051_000100/1066662949.mp4 400 0.932 0.709
000151_000200/1035762251.mp4 235 1.771 1.640
000351_000400/34174477.mp4 689 1.928 1.779
000301_000350/21315283.mp4 238 1.167 0.842
000201_000250/1048743643.mp4 303 2.540 1.716
000401_000450/8506630.mp4 300 0.315 0.421
000351_000400/1017400204.mp4 259 1.357 1.914
000001_000050/1066683316.mp4 541 0.359 0.501
000201_000250/1042129498.mp4 344 0.350 0.283
000351_000400/31411729.mp4 925 0.979 0.804
000051_000100/1066650397.mp4 389 0.648 0.867
000351_000400/13149671.mp4 743 1.481 2.118
000151_000200/31345138.mp4 219 0.078 0.074
000001_000050/1066694605.mp4 400 0.633 0.852
000301_000350/20767336.mp4 226 1.932 2.729
000351_000400/1013741759.mp4 512 1.547 1.707
000051_000100/1066657489.mp4 2732 1.502 1.717
000251_000300/1052293579.mp4 654 0.699 0.498
000201_000250/1022242063.mp4 288 0.125 0.186
000351_000400/1047441931.mp4 458 0.576 0.824
000301_000350/19838812.mp4 819 1.460 1.721
000101_000150/1054929692.mp4 350 1.012 1.106
000451_000500/1024662227.mp4 932 0.559 0.518
000301_000350/23156584.mp4 634 1.793 2.062
000201_000250/16688431.mp4 528 0.761 0.552
000401_000450/33051685.mp4 264 1.506 1.299
000401_000450/29984371.mp4 541 0.204 0.186
000101_000150/1020350419.mp4 755 1.220 1.650
000451_000500/9892616.mp4 416 0.436 0.514
000401_000450/1036252877.mp4 392 2.249 1.659
000101_000150/1024461695.mp4 716 1.619 1.338
000201_000250/15524014.mp4 753 0.506 0.394
000401_000450/1028604152.mp4 299 2.096 1.478
000001_000050/1066679668.mp4 2041 0.211 0.186
000301_000350/1016812786.mp4 791 0.237 0.246
000351_000400/1014494702.mp4 552 2.659 1.940
000401_000450/5239799.mp4 360 2.257 1.672
000201_000250/32073559.mp4 1212 1.380 1.581
000051_000100/1066650964.mp4 435 1.553 1.666
000351_000400/1035629579.mp4 540 0.214 0.309
000451_000500/8793694.mp4 685 0.313 0.424
000151_000200/1031472524.mp4 647 0.092 0.101
000351_000400/29541901.mp4 255 1.231 1.709
000101_000150/1045899340.mp4 663 0.833 0.656
000051_000100/1066660393.mp4 754 0.381 0.453
000301_000350/1007336329.mp4 485 1.480 1.469
000251_000300/22056640.mp4 685 0.902 0.664
000201_000250/12276743.mp4 624 1.070 1.574
000351_000400/10459523.mp4 426 1.314 1.757
000051_000100/1066666075.mp4 220 1.666 2.422
000251_000300/19371796.mp4 540 0.337 0.297
000301_000350/1787213.mp4 448 0.917 1.306
000301_000350/7969804.mp4 375 0.902 0.719
000151_000200/23240677.mp4 390 1.332 1.247
000401_000450/1032774740.mp4 386 1.820 2.597
000301_000350/1017656467.mp4 396 0.063 0.053
000301_000350/1026522881.mp4 390 1.604 1.133
000351_000400/1030039427.mp4 313 0.759 1.110
000201_000250/1009399472.mp4 733 1.575 1.188
000101_000150/1054965770.mp4 559 1.633 2.374
000401_000450/11353394.mp4 373 2.035 1.760
000301_000350/1035636821.mp4 1129 0.809 0.650
000051_000100/1066648597.mp4 1501 0.561 0.403
000051_000100/1066662052.mp4 629 1.189 1.394
000001_000050/1066697728.mp4 271 1.894 2.013
000051_000100/1066665967.mp4 600 1.483 1.160
000251_000300/5956955.mp4 379 1.620 1.320
000101_000150/34383022.mp4 1456 1.597 1.415
000301_000350/1025135294.mp4 582 0.095 0.121
000101_000150/1034265602.mp4 370 1.674 1.728
000051_000100/1066656688.mp4 646 0.744 0.604
000401_000450/4725545.mp4 465 0.482 0.394
000151_000200/16379059.mp4 353 0.322 0.221
000151_000200/10782767.mp4 367 0.482 0.470
000251_000300/1032863486.mp4 945 0.906 0.768
000051_000100/1066655575.mp4 620 1.341 1.280
000151_000200/20283382.mp4 808 1.096 1.479
000251_000300/1065084745.mp4 539 0.822 0.638
000251_000300/16137157.mp4 1807 1.909 1.276
000451_000500/1038132419.mp4 1155 1.001 1.104
000251_000300/1053259499.mp4 300 0.304 0.371
000151_000200/15836395.mp4 354 0.850 1.201
000301_000350/1039855880.mp4 264 1.395 1.028
000451_000500/27427918.mp4 380 2.560 1.807
000051_000100/1066660408.mp4 857 0.383 0.476
000001_000050/1066706878.mp4 366 0.223 0.166
000001_000050/1066693258.mp4 313 0.766 0.833
000151_000200/22994827.mp4 322 1.303 1.174
000351_000400/1027088822.mp4 600 2.534 1.691
000101_000150/1031009618.mp4 450 1.400 1.328
000351_000400/1021789513.mp4 755 1.591 1.505
